 scale     rice     tree    house  feasible   met          profit     minS
  0.00        0        0        0       yes   yes        17920784    50.00
  0.10       30       30       10       yes   yes        17727927    50.00
  0.20       60       60       20       yes   yes        17535070    50.00
  0.30       90       90       30       yes   yes        17342214    50.00
  0.40      120      120       40       yes   yes        17149357    50.00
  0.50      150      150       50       yes   yes        16956500    50.00
  0.60      180      180       60       yes   yes        16763643    50.00
  0.70      210      210       70       yes   yes        16570786    50.00
  0.80      240      240       80       yes   yes        15760972    50.00
  0.90      270      270       90       yes   yes        14582906    50.00
  1.00      300      300      100       yes   yes        13404841    50.00
  1.10      330      330      110       yes   yes        12226775    50.00
  1.20      360      360      120       yes   yes        11048709    50.00
  1.30      390      390      130       yes   yes         9870644    50.00
  1.40      420      420      140       yes   yes         8692578    50.00
  1.50      450      450      150       yes   yes         7472364    50.00
  1.60      480      480      160       yes   yes         5920589    50.00
  1.70      510      510      170       yes   yes         4129367    50.00
  1.80      540      540      180       yes    no         2261949    50.00
  1.90      570      570      190       yes    no         2236825    50.00
  2.00      600      600      200       yes    no         2211701    50.00
  2.10      630      630      210       yes    no         2186577    50.00
  2.20      660      660      220       yes    no         2161453    50.00
  2.30      690      690      230       yes    no         2136329    50.00
  2.40      720      720      240       yes    no         2111205    50.00
  2.50      750      750      250       yes    no         2086081    50.00
  2.60      780      780      260       yes    no         2060957    50.00
  2.70      810      810      270       yes    no         2035833    50.00
  2.80      840      840      280       yes    no         2010709    50.00
  2.90      870      870      290       yes    no         1985585    50.00
  3.00      900      900      300       yes    no         1960461    50.00
  3.10      930      930      310       yes    no         1935337    50.00
  3.20      960      960      320       yes    no         1910213    50.00
  3.30      990      990      330       yes    no         1885089    50.00
  3.40     1020     1020      340       yes    no         1859965    50.00
  3.50     1050     1050      350       yes    no         1834841    50.00
  3.60     1080     1080      360       yes    no         1809717    50.00
  3.70     1110     1110      370       yes    no         1784593    50.00
  3.80     1140     1140      380       yes    no         1759469    50.00
  3.90     1170     1170      390       yes    no         1734345    50.00
  4.00     1200     1200      400       yes    no         1709221    50.00
  4.10     1230     1230      410       yes    no         1684097    50.00
  4.20     1260     1260      420       yes    no         1658972    50.00
  4.30     1290     1290      430       yes    no         1633848    50.00
  4.40     1320     1320      440       yes    no         1608724    50.00
  4.50     1350     1350      450       yes    no         1583600    50.00
  4.60     1380     1380      460       yes    no         1558476    50.00
  4.70     1410     1410      470       yes    no         1533352    50.00
  4.80     1440     1440      480       yes    no         1508228    50.00
  4.90     1470     1470      490       yes    no         1483104    50.00
  5.00     1500     1500      500       yes    no         1457980    50.00
Best fully-met scale: 2x
Profit: 4129367 baht
Land allocation (m^2):
  Rice        4924
  Tree         510
  Crop         629
  Pond         168
  House        170
Min pond storage: 50.00 m^3
